1    4000000000.0
2    8000000000.0
3    12000000000.0
4    16000000000.0
5    20000000000.0
6    24000000000.0
7    28000000000.0
8    32000000000.0
9    36000000000.0
10    40000000000.0
11    44000000000.0
12    48000000000.0
13    52000000000.0
14    56000000000.0
15    60000000000.0
16    64000000000.0
17    68000000000.0
18    72000000000.0
19    76000000000.0
20    80000000000.0
21    84000000000.0
22    88000000000.0
23    92000000000.0
24    96000000000.0
25    100000000000.0
26    104000000000.0
27    108000000000.0
28    112000000000.0
29    116000000000.0
30    120000000000.0
31    124000000000.0
32    128000000000.0
33    132000000000.0
34    136000000000.0
35    140000000000.0
36    144000000000.0
37    148000000000.0
38    152000000000.0
39    156000000000.0
40    160000000000.0
41    164000000000.0
42    168000000000.0
43    172000000000.0
44    176000000000.0
45    180000000000.0
46    184000000000.0
47    188000000000.0
48    192000000000.0
49    196000000000.0
50    200000000000.0
51    204000000000.0
52    208000000000.0
53    212000000000.0
54    216000000000.0
55    220000000000.0
56    224000000000.0
57    228000000000.0
58    232000000000.0
59    236000000000.0
60    240000000000.0
61    244000000000.0
62    248000000000.0
63    252000000000.0
64    256000000000.0
65    260000000000.0
66    264000000000.0
67    268000000000.0
68    272000000000.0
69    276000000000.0
70    280000000000.0
71    284000000000.0
72    288000000000.0
73    292000000000.0
74    296000000000.0
75    300000000000.0
76    304000000000.0
77    308000000000.0
78    312000000000.0
79    316000000000.0
80    320000000000.0
81    324000000000.0
82    328000000000.0
83    332000000000.0
84    336000000000.0
85    340000000000.0
86    344000000000.0
87    348000000000.0
88    352000000000.0
89    356000000000.0
90    360000000000.0
91    364000000000.0
92    368000000000.0
93    372000000000.0
94    376000000000.0
95    380000000000.0
96    384000000000.0
97    388000000000.0
98    392000000000.0
99    396000000000.0
100    400000000000.0
101    404000000000.0
102    408000000000.0
103    412000000000.0
104    416000000000.0
105    420000000000.0
106    424000000000.0
107    428000000000.0
108    432000000000.0
109    436000000000.0
110    440000000000.0
111    444000000000.0
112    448000000000.0
113    452000000000.0
114    456000000000.0
115    460000000000.0
116    464000000000.0
117    468000000000.0
118    472000000000.0
119    476000000000.0
120    480000000000.0
121    484000000000.0
122    488000000000.0
123    492000000000.0
124    496000000000.0
125    500000000000.0
126    504000000000.0
127    508000000000.0
128    512000000000.0
129    516000000000.0
130    520000000000.0
131    524000000000.0
132    528000000000.0
133    532000000000.0
134    536000000000.0
135    540000000000.0
136    544000000000.0
137    548000000000.0
138    552000000000.0
139    556000000000.0
140    560000000000.0
141    564000000000.0
142    568000000000.0
143    572000000000.0
144    576000000000.0
145    580000000000.0
146    584000000000.0
147    588000000000.0
148    592000000000.0
149    596000000000.0
150    600000000000.0
151    604000000000.0
152    608000000000.0
153    612000000000.0
154    616000000000.0
155    620000000000.0
156    624000000000.0
157    628000000000.0
158    632000000000.0
159    636000000000.0
160    640000000000.0
161    644000000000.0
162    648000000000.0
163    652000000000.0
164    656000000000.0
165    660000000000.0
166    664000000000.0
167    668000000000.0
168    672000000000.0
169    676000000000.0
170    680000000000.0
171    684000000000.0
172    688000000000.0
173    692000000000.0
174    696000000000.0
175    700000000000.0
176    704000000000.0
177    708000000000.0
178    712000000000.0
179    716000000000.0
180    720000000000.0
181    724000000000.0
182    728000000000.0
183    732000000000.0
184    736000000000.0
185    740000000000.0
186    744000000000.0
187    748000000000.0
188    752000000000.0
189    756000000000.0
190    760000000000.0
191    764000000000.0
192    768000000000.0
193    772000000000.0
194    776000000000.0
195    780000000000.0
196    784000000000.0
197    788000000000.0
198    792000000000.0
199    796000000000.0
200    800000000000.0
201    804000000000.0
202    808000000000.0
203    812000000000.0
204    816000000000.0
205    820000000000.0
206    824000000000.0
207    828000000000.0
208    832000000000.0
209    836000000000.0
210    840000000000.0
211    844000000000.0
212    848000000000.0
213    852000000000.0
214    856000000000.0
215    860000000000.0
216    864000000000.0
217    868000000000.0
218    872000000000.0
219    876000000000.0
220    880000000000.0
221    884000000000.0
222    888000000000.0
223    892000000000.0
224    896000000000.0
225    900000000000.0
226    904000000000.0
227    908000000000.0
228    912000000000.0
229    916000000000.0
230    920000000000.0
231    924000000000.0
232    928000000000.0
233    932000000000.0
234    936000000000.0
235    940000000000.0
236    944000000000.0
237    948000000000.0
238    952000000000.0
239    956000000000.0
240    960000000000.0
241    964000000000.0
242    968000000000.0
243    972000000000.0
244    976000000000.0
245    980000000000.0
246    984000000000.0
247    988000000000.0
248    992000000000.0
249    996000000000.0
250    1000000000000.0
251    1004000000000.0
252    1008000000000.0
253    1012000000000.0
254    1016000000000.0
255    1020000000000.0
256    1024000000000.0
257    1028000000000.0
258    1032000000000.0
259    1036000000000.0
260    1040000000000.0
261    1044000000000.0
262    1048000000000.0
263    1052000000000.0
264    1056000000000.0
265    1060000000000.0
266    1064000000000.0
267    1068000000000.0
268    1072000000000.0
269    1076000000000.0
270    1080000000000.0
271    1084000000000.0
272    1088000000000.0
273    1092000000000.0
274    1096000000000.0
275    1100000000000.0
276    1104000000000.0
277    1108000000000.0
278    1112000000000.0
279    1116000000000.0
280    1120000000000.0
281    1124000000000.0
282    1128000000000.0
283    1132000000000.0
284    1136000000000.0
285    1140000000000.0
286    1144000000000.0
287    1148000000000.0
288    1152000000000.0
289    1156000000000.0
290    1160000000000.0
291    1164000000000.0
292    1168000000000.0
293    1172000000000.0
294    1176000000000.0
295    1180000000000.0
296    1184000000000.0
297    1188000000000.0
298    1192000000000.0
299    1196000000000.0
300    1200000000000.0
301    1204000000000.0
302    1208000000000.0
303    1212000000000.0
304    1216000000000.0
305    1220000000000.0
306    1224000000000.0
307    1228000000000.0
308    1232000000000.0
309    1236000000000.0
310    1240000000000.0
311    1244000000000.0
312    1248000000000.0
313    1252000000000.0
314    1256000000000.0
315    1260000000000.0
316    1264000000000.0
317    1268000000000.0
318    1272000000000.0
319    1276000000000.0
320    1280000000000.0
321    1284000000000.0
322    1288000000000.0
323    1292000000000.0
324    1296000000000.0
325    1300000000000.0
326    1304000000000.0
327    1308000000000.0
328    1312000000000.0
329    1316000000000.0
330    1320000000000.0
331    1324000000000.0
332    1328000000000.0
333    1332000000000.0
334    1336000000000.0
335    1340000000000.0
336    1344000000000.0
337    1348000000000.0
338    1352000000000.0
339    1356000000000.0
340    1360000000000.0
341    1364000000000.0
342    1368000000000.0
343    1372000000000.0
344    1376000000000.0
345    1380000000000.0
346    1384000000000.0
347    1388000000000.0
348    1392000000000.0
349    1396000000000.0
350    1400000000000.0
351    1404000000000.0
352    1408000000000.0
353    1412000000000.0
354    1416000000000.0
355    1420000000000.0
356    1424000000000.0
357    1428000000000.0
358    1432000000000.0
359    1436000000000.0
360    1440000000000.0
361    1444000000000.0
362    1448000000000.0
363    1452000000000.0
364    1456000000000.0
365    1460000000000.0
366    1464000000000.0
367    1468000000000.0
368    1472000000000.0
369    1476000000000.0
370    1480000000000.0
371    1484000000000.0
372    1488000000000.0
373    1492000000000.0
374    1496000000000.0
375    1500000000000.0
376    1504000000000.0
377    1508000000000.0
378    1512000000000.0
379    1516000000000.0
380    1520000000000.0
381    1524000000000.0
382    1528000000000.0
383    1532000000000.0
384    1536000000000.0
385    1540000000000.0
386    1544000000000.0
387    1548000000000.0
388    1552000000000.0
389    1556000000000.0
390    1560000000000.0
391    1564000000000.0
392    1568000000000.0
393    1572000000000.0
394    1576000000000.0
395    1580000000000.0
396    1584000000000.0
397    1588000000000.0
398    1592000000000.0
399    1596000000000.0
400    1600000000000.0
401    1604000000000.0
402    1608000000000.0
403    1612000000000.0
404    1616000000000.0
405    1620000000000.0
406    1624000000000.0
407    1628000000000.0
408    1632000000000.0
409    1636000000000.0
410    1640000000000.0
411    1644000000000.0
412    1648000000000.0
413    1652000000000.0
414    1656000000000.0
415    1660000000000.0
416    1664000000000.0
417    1668000000000.0
418    1672000000000.0
419    1676000000000.0
420    1680000000000.0
421    1684000000000.0
422    1688000000000.0
423    1692000000000.0
424    1696000000000.0
425    1700000000000.0
426    1704000000000.0
427    1708000000000.0
428    1712000000000.0
429    1716000000000.0
430    1720000000000.0
431    1724000000000.0
432    1728000000000.0
433    1732000000000.0
434    1736000000000.0
435    1740000000000.0
436    1744000000000.0
437    1748000000000.0
438    1752000000000.0
439    1756000000000.0
440    1760000000000.0
441    1764000000000.0
442    1768000000000.0
443    1772000000000.0
444    1776000000000.0
445    1780000000000.0
446    1784000000000.0
447    1788000000000.0
448    1792000000000.0
449    1796000000000.0
450    1800000000000.0
451    1804000000000.0
452    1808000000000.0
453    1812000000000.0
454    1816000000000.0
455    1820000000000.0
456    1824000000000.0
457    1828000000000.0
458    1832000000000.0
459    1836000000000.0
460    1840000000000.0
461    1844000000000.0
462    1848000000000.0
463    1852000000000.0
464    1856000000000.0
465    1860000000000.0
466    1864000000000.0
467    1868000000000.0
468    1872000000000.0
469    1876000000000.0
470    1880000000000.0
471    1884000000000.0
472    1888000000000.0
473    1892000000000.0
474    1896000000000.0
475    1900000000000.0
476    1904000000000.0
477    1908000000000.0
478    1912000000000.0
479    1916000000000.0
480    1920000000000.0
481    1924000000000.0
482    1928000000000.0
483    1932000000000.0
484    1936000000000.0
485    1940000000000.0
486    1944000000000.0
487    1948000000000.0
488    1952000000000.0
489    1956000000000.0
490    1960000000000.0
491    1964000000000.0
492    1968000000000.0
493    1972000000000.0
494    1976000000000.0
495    1980000000000.0
496    1984000000000.0
497    1988000000000.0
498    1992000000000.0
499    1996000000000.0
500    2000000000000.0
